# keys.R
omd_api_key <- 78207016



